list(
nObs=960,
Y=structure(.Data=c(
1,3,1,0,1,
1,1,1,0,0,
2,3,1,0,1,
2,1,1,0,0,
3,3,1,0,1,
3,1,1,0,1,
4,3,1,0,1,
4,1,1,0,1,
5,3,1,0,1,
5,1,1,0,1,
6,3,1,0,1,
6,1,1,0,1,
7,3,1,0,1,
7,1,1,0,0,
8,3,1,0,1,
8,1,1,0,1,
9,3,1,0,1,
9,1,1,0,1,
10,3,1,0,1,
10,1,1,0,0,
11,3,1,0,1,
11,1,1,0,0,
12,3,1,0,1,
12,1,1,0,0,
13,3,1,0,1,
13,1,1,0,1,
14,3,1,0,1,
14,1,1,0,0,
15,3,1,0,1,
15,1,1,0,1,
16,3,1,0,1,
16,1,1,0,0,
17,3,1,0,1,
17,1,1,0,0,
18,3,1,0,1,
18,2,1,0,1,
18,1,1,0,0,
19,3,1,0,1,
19,2,1,0,1,
19,1,1,0,0,
20,3,1,0,1,
20,2,1,0,1,
20,1,1,0,1,
21,3,1,0,1,
21,2,1,0,1,
21,1,1,0,1,
22,3,1,0,1,
22,2,1,0,0,
22,1,1,0,0,
23,3,1,0,1,
23,2,1,0,0,
23,1,1,0,0,
24,3,1,0,1,
24,2,1,0,1,
24,1,1,0,0,
25,3,1,0,1,
25,2,1,0,1,
25,1,1,0,1,
26,3,1,0,1,
26,2,1,0,1,
26,1,1,0,1,
27,3,1,0,1,
27,2,1,0,1,
27,1,1,0,1,
28,3,1,0,1,
28,2,1,0,0,
28,1,1,0,0,
29,3,1,0,1,
29,2,1,0,1,
29,1,1,0,1,
30,3,1,0,0,
30,2,1,0,0,
30,1,1,0,0,
31,3,1,0,1,
31,2,1,0,1,
31,1,1,0,0,
32,3,1,0,1,
32,2,1,0,1,
32,1,1,0,1,
33,3,1,0,1,
33,2,1,0,0,
33,1,1,0,0,
34,3,1,0,1,
34,2,1,0,1,
34,1,1,0,0,
35,3,1,0,1,
35,2,1,0,1,
35,1,1,0,1,
36,3,1,0,1,
36,2,1,0,1,
36,1,1,0,1,
37,3,1,0,1,
37,2,1,0,1,
37,1,1,0,0,
38,3,1,0,0,
38,2,1,0,0,
38,1,1,0,0,
39,3,1,4,1,
39,2,1,4,0,
39,1,1,4,1,
40,3,1,4,0,
40,2,1,4,0,
40,1,1,4,0,
41,3,1,4,0,
41,2,1,4,0,
41,1,1,4,0,
42,3,1,4,0,
42,2,1,4,1,
42,1,1,4,0,
43,3,1,4,0,
43,2,1,4,0,
43,1,1,4,0,
44,3,1,4,0,
44,2,1,4,0,
44,1,1,4,0,
45,3,1,4,0,
45,2,1,4,0,
45,1,1,4,0,
46,3,1,4,0,
46,2,1,4,0,
46,1,1,4,0,
47,3,1,4,0,
47,2,1,4,0,
47,1,1,4,0,
48,3,1,4,1,
48,2,1,4,0,
48,1,1,4,0,
49,3,1,4,0,
49,2,1,4,1,
49,1,1,4,0,
50,3,1,4,0,
50,2,1,4,0,
50,1,1,4,0,
51,3,1,4,0,
51,2,1,4,0,
51,1,1,4,0,
52,3,1,4,0,
52,2,1,4,0,
52,1,1,4,0,
53,3,1,4,0,
53,2,1,4,0,
53,1,1,4,0,
54,3,1,4,0,
54,2,1,4,0,
54,1,1,4,1,
55,3,1,4,0,
55,2,1,4,0,
55,1,1,4,1,
56,3,1,4,0,
56,2,1,4,1,
56,1,1,4,0,
57,3,1,4,0,
57,2,1,4,0,
57,1,1,4,0,
58,3,1,4,0,
58,2,1,4,1,
58,1,1,4,0,
59,3,1,4,0,
59,2,1,4,0,
59,1,1,4,0,
60,3,1,4,0,
60,2,1,4,0,
60,1,1,4,0,
61,3,1,4,1,
61,2,1,4,0,
61,1,1,4,1,
62,3,1,4,1,
62,2,1,4,0,
62,1,1,4,0,
63,3,1,4,0,
63,2,1,4,1,
63,1,1,4,0,
64,3,1,4,0,
64,2,1,4,0,
64,1,1,4,1,
65,3,1,4,0,
65,2,1,4,0,
65,1,1,4,0,
66,3,1,4,0,
66,2,1,4,0,
66,1,1,4,0,
67,3,1,4,0,
67,2,1,4,0,
67,1,1,4,1,
68,3,1,4,1,
68,2,1,4,0,
68,1,1,4,1,
69,3,1,4,0,
69,2,1,4,0,
69,1,1,4,0,
70,3,1,4,1,
70,2,1,4,1,
70,1,1,4,0,
71,3,1,4,0,
71,2,1,4,0,
71,1,1,4,0,
72,3,1,4,0,
72,2,1,4,0,
72,1,1,4,0,
73,3,1,4,0,
73,2,1,4,0,
73,1,1,4,0,
74,3,1,4,0,
74,2,1,4,0,
74,1,1,4,1,
75,3,1,4,0,
75,2,1,4,0,
75,1,1,4,0,
76,3,1,4,0,
76,2,1,4,0,
76,1,1,4,1,
77,3,1,4,0,
77,2,1,4,0,
77,1,1,4,0,
78,3,1,8,0,
78,2,1,8,0,
78,1,1,8,0,
79,3,1,8,0,
79,2,1,8,0,
79,1,1,8,0,
80,3,1,8,0,
80,2,1,8,0,
80,1,1,8,1,
81,3,1,8,0,
81,2,1,8,0,
81,1,1,8,0,
82,3,1,8,0,
82,2,1,8,0,
82,1,1,8,0,
83,3,1,8,0,
83,2,1,8,0,
83,1,1,8,0,
84,3,1,8,0,
84,2,1,8,0,
84,1,1,8,0,
85,3,1,8,0,
85,2,1,8,0,
85,1,1,8,0,
86,3,1,8,0,
86,2,1,8,0,
86,1,1,8,0,
87,3,1,8,1,
87,2,1,8,0,
87,1,1,8,0,
88,3,1,8,0,
88,2,1,8,0,
88,1,1,8,0,
89,3,1,8,0,
89,2,1,8,0,
89,1,1,8,0,
90,3,1,8,0,
90,2,1,8,1,
90,1,1,8,0,
91,3,1,8,0,
91,2,1,8,0,
91,1,1,8,0,
92,3,1,8,0,
92,2,1,8,0,
92,1,1,8,0,
93,3,1,8,0,
93,2,1,8,0,
93,1,1,8,0,
94,3,1,8,0,
94,2,1,8,1,
94,1,1,8,0,
95,3,1,8,0,
95,2,1,8,0,
95,1,1,8,0,
96,3,1,8,0,
96,2,1,8,0,
96,1,1,8,0,
97,3,1,8,0,
97,2,1,8,0,
97,1,1,8,0,
98,3,1,8,0,
98,2,1,8,0,
98,1,1,8,0,
99,3,1,8,0,
99,2,1,8,0,
99,1,1,8,0,
100,3,1,8,0,
100,2,1,8,0,
100,1,1,8,0,
101,3,1,8,0,
101,2,1,8,0,
101,1,1,8,0,
102,3,1,8,0,
102,2,1,8,0,
102,1,1,8,0,
103,3,1,8,0,
103,2,1,8,1,
103,1,1,8,0,
104,3,1,8,0,
104,2,1,8,1,
104,1,1,8,1,
105,3,1,8,0,
105,2,1,8,0,
105,1,1,8,0,
106,3,1,8,0,
106,2,1,8,1,
106,1,1,8,0,
107,3,1,8,0,
107,2,1,8,0,
107,1,1,8,0,
108,3,1,8,0,
108,2,1,8,0,
108,1,1,8,0,
109,3,1,8,0,
109,2,1,8,0,
109,1,1,8,0,
110,3,2,0,1,
110,2,2,0,0,
110,1,2,0,0,
111,3,2,0,1,
111,2,2,0,1,
111,1,2,0,1,
112,3,2,0,1,
112,2,2,0,1,
112,1,2,0,1,
113,3,2,0,1,
113,2,2,0,1,
113,1,2,0,0,
114,3,2,0,1,
114,2,2,0,1,
114,1,2,0,0,
115,3,2,0,1,
115,2,2,0,1,
115,1,2,0,1,
116,3,2,0,1,
116,2,2,0,1,
116,1,2,0,1,
117,3,2,0,1,
117,2,2,0,1,
117,1,2,0,0,
118,3,2,0,1,
118,2,2,0,1,
118,1,2,0,1,
119,3,3,0,1,
119,1,3,0,0,
120,3,3,0,1,
120,1,3,0,0,
121,3,3,0,1,
121,1,3,0,0,
122,3,3,0,1,
122,1,3,0,0,
123,3,3,0,1,
123,1,3,0,0,
124,3,3,0,1,
124,1,3,0,0,
125,3,3,0,1,
125,1,3,0,0,
126,3,2,0,1,
126,2,2,0,1,
126,1,2,0,1,
127,3,2,0,1,
127,2,2,0,1,
127,1,2,0,0,
128,3,2,0,1,
128,2,2,0,1,
128,1,2,0,1,
129,3,2,0,1,
129,2,2,0,1,
129,1,2,0,1,
130,3,2,0,1,
130,2,2,0,1,
130,1,2,0,0,
131,3,2,0,1,
131,2,2,0,1,
131,1,2,0,1,
132,3,3,0,1,
132,2,3,0,0,
132,1,3,0,0,
133,3,3,0,1,
133,2,3,0,0,
133,1,3,0,0,
134,3,3,0,1,
134,2,3,0,0,
134,1,3,0,0,
135,3,3,0,1,
135,2,3,0,0,
135,1,3,0,0,
136,3,3,0,1,
136,2,3,0,0,
136,1,3,0,0,
137,3,3,0,1,
137,2,3,0,0,
137,1,3,0,0,
138,3,3,0,1,
138,2,3,0,0,
138,1,3,0,0,
139,3,2,4,0,
139,2,2,4,0,
139,1,2,4,0,
140,3,2,4,1,
140,2,2,4,1,
140,1,2,4,1,
141,3,2,4,1,
141,2,2,4,1,
141,1,2,4,1,
142,3,2,4,0,
142,2,2,4,0,
142,1,2,4,0,
143,3,2,4,1,
143,2,2,4,0,
143,1,2,4,1,
144,3,2,4,1,
144,2,2,4,0,
144,1,2,4,1,
145,3,2,4,0,
145,2,2,4,0,
145,1,2,4,0,
146,3,2,4,1,
146,2,2,4,0,
146,1,2,4,1,
147,3,2,4,0,
147,2,2,4,1,
147,1,2,4,1,
148,3,2,4,0,
148,2,2,4,1,
148,1,2,4,1,
149,3,2,4,0,
149,2,2,4,0,
149,1,2,4,1,
150,3,3,4,0,
150,2,3,4,0,
150,1,3,4,1,
151,3,3,4,0,
151,2,3,4,0,
151,1,3,4,0,
152,3,3,4,0,
152,2,3,4,0,
152,1,3,4,1,
153,3,3,4,0,
153,2,3,4,0,
153,1,3,4,0,
154,3,3,4,0,
154,2,3,4,0,
154,1,3,4,0,
155,3,3,4,0,
155,2,3,4,0,
155,1,3,4,0,
156,3,3,4,0,
156,2,3,4,0,
156,1,3,4,0,
157,3,3,4,0,
157,2,3,4,0,
157,1,3,4,0,
158,3,3,4,0,
158,2,3,4,0,
158,1,3,4,0,
159,3,3,4,0,
159,2,3,4,0,
159,1,3,4,1,
160,3,3,4,0,
160,2,3,4,0,
160,1,3,4,0,
161,3,2,4,0,
161,2,2,4,1,
161,1,2,4,1,
162,3,2,4,1,
162,2,2,4,1,
162,1,2,4,1,
163,3,2,4,1,
163,2,2,4,1,
163,1,2,4,1,
164,3,2,4,0,
164,2,2,4,1,
164,1,2,4,0,
165,3,2,4,0,
165,2,2,4,1,
165,1,2,4,1,
166,3,2,4,0,
166,2,2,4,0,
166,1,2,4,0,
167,3,3,4,0,
167,2,3,4,0,
167,1,3,4,0,
168,3,3,4,0,
168,2,3,4,0,
168,1,3,4,0,
169,3,3,4,0,
169,2,3,4,0,
169,1,3,4,0,
170,3,3,4,0,
170,2,3,4,0,
170,1,3,4,0,
171,3,3,4,0,
171,2,3,4,0,
171,1,3,4,0,
172,3,2,8,0,
172,2,2,8,0,
172,1,2,8,0,
173,3,2,8,0,
173,2,2,8,0,
173,1,2,8,0,
174,3,2,8,1,
174,2,2,8,1,
174,1,2,8,0,
175,3,2,8,0,
175,2,2,8,1,
175,1,2,8,1,
176,3,2,8,1,
176,2,2,8,0,
176,1,2,8,0,
177,3,2,8,1,
177,2,2,8,0,
177,1,2,8,0,
178,3,2,8,1,
178,2,2,8,1,
178,1,2,8,0,
179,3,2,8,1,
179,2,2,8,1,
179,1,2,8,1,
180,3,2,8,0,
180,2,2,8,0,
180,1,2,8,0,
181,3,2,8,1,
181,2,2,8,1,
181,1,2,8,1,
182,3,2,8,1,
182,2,2,8,1,
182,1,2,8,1,
183,3,3,8,0,
183,2,3,8,0,
183,1,3,8,0,
184,3,3,8,0,
184,2,3,8,0,
184,1,3,8,0,
185,3,3,8,0,
185,2,3,8,0,
185,1,3,8,0,
186,3,3,8,0,
186,2,3,8,0,
186,1,3,8,0,
187,3,3,8,0,
187,2,3,8,0,
187,1,3,8,0,
188,3,3,8,0,
188,2,3,8,0,
188,1,3,8,0,
189,3,3,8,0,
189,2,3,8,0,
189,1,3,8,0,
190,3,3,8,0,
190,2,3,8,0,
190,1,3,8,0,
191,3,3,8,0,
191,2,3,8,0,
191,1,3,8,0,
192,3,3,8,0,
192,2,3,8,0,
192,1,3,8,0,
193,3,3,8,0,
193,2,3,8,0,
193,1,3,8,0,
194,3,2,8,0,
194,2,2,8,1,
194,1,2,8,0,
195,3,2,8,1,
195,2,2,8,0,
195,1,2,8,0,
196,3,2,8,0,
196,2,2,8,1,
196,1,2,8,0,
197,3,2,8,1,
197,2,2,8,1,
197,1,2,8,1,
198,3,2,8,0,
198,2,2,8,0,
198,1,2,8,0,
199,3,2,8,0,
199,2,2,8,0,
199,1,2,8,1,
200,3,3,8,0,
200,2,3,8,0,
200,1,3,8,0,
201,3,3,8,0,
201,2,3,8,0,
201,1,3,8,0,
202,3,3,8,0,
202,2,3,8,0,
202,1,3,8,0,
203,3,3,8,0,
203,2,3,8,0,
203,1,3,8,0,
204,3,6,0,1,
204,2,6,0,0,
204,1,6,0,0,
205,3,6,0,1,
205,2,6,0,0,
205,1,6,0,0,
206,3,6,0,1,
206,2,6,0,0,
206,1,6,0,0,
207,3,6,0,1,
207,2,6,0,0,
207,1,6,0,0,
208,3,6,0,1,
208,2,6,0,0,
208,1,6,0,0,
209,3,6,0,1,
209,2,6,0,0,
209,1,6,0,0,
210,3,6,0,1,
210,2,6,0,0,
210,1,6,0,0,
211,3,6,0,1,
211,2,6,0,0,
211,1,6,0,0,
212,3,6,2,1,
212,2,6,2,0,
212,1,6,2,0,
213,3,6,2,0,
213,2,6,2,0,
213,1,6,2,0,
214,3,6,2,0,
214,2,6,2,0,
214,1,6,2,0,
215,3,6,2,0,
215,2,6,2,0,
215,1,6,2,0,
216,3,6,2,0,
216,2,6,2,0,
216,1,6,2,0,
217,3,6,2,1,
217,2,6,2,0,
217,1,6,2,0,
218,3,6,2,0,
218,2,6,2,0,
218,1,6,2,0,
219,3,6,4,0,
219,2,6,4,0,
219,1,6,4,0,
220,3,6,4,0,
220,2,6,4,0,
220,1,6,4,0,
221,3,6,4,0,
221,2,6,4,0,
221,1,6,4,0,
222,3,6,4,0,
222,2,6,4,0,
222,1,6,4,0,
223,3,6,4,0,
223,2,6,4,0,
223,1,6,4,0,
224,3,6,4,0,
224,2,6,4,0,
224,1,6,4,0,
225,3,6,4,0,
225,2,6,4,0,
225,1,6,4,0,
226,3,6,4,0,
226,2,6,4,0,
226,1,6,4,0,
227,3,6,8,0,
227,2,6,8,0,
227,1,6,8,0,
228,3,6,8,0,
228,2,6,8,0,
228,1,6,8,0,
229,3,6,8,0,
229,2,6,8,0,
229,1,6,8,0,
230,3,6,8,0,
230,2,6,8,0,
230,1,6,8,0,
231,3,6,8,0,
231,2,6,8,0,
231,1,6,8,0,
232,3,6,8,0,
232,2,6,8,0,
232,1,6,8,0,
233,3,6,8,0,
233,2,6,8,0,
233,1,6,8,0,
234,3,6,8,0,
234,2,6,8,0,
234,1,6,8,0,
235,3,5,0,1,
235,2,5,0,1,
235,1,5,0,1,
236,3,5,0,1,
236,2,5,0,1,
236,1,5,0,1,
237,3,5,0,1,
237,2,5,0,0,
237,1,5,0,1,
238,3,5,0,1,
238,2,5,0,0,
238,1,5,0,0,
239,3,5,0,1,
239,2,5,0,1,
239,1,5,0,0,
240,3,5,0,1,
240,2,5,0,0,
240,1,5,0,0,
241,3,5,0,1,
241,2,5,0,1,
241,1,5,0,0,
242,3,5,0,1,
242,2,5,0,1,
242,1,5,0,0,
243,3,5,0,1,
243,2,5,0,1,
243,1,5,0,1,
244,3,5,0,1,
244,2,5,0,1,
244,1,5,0,0,
245,3,5,0,1,
245,2,5,0,1,
245,1,5,0,0,
246,3,5,2,1,
246,2,5,2,0,
246,1,5,2,1,
247,3,5,2,1,
247,2,5,2,0,
247,1,5,2,1,
248,3,5,2,0,
248,2,5,2,0,
248,1,5,2,1,
249,3,5,2,0,
249,2,5,2,0,
249,1,5,2,0,
250,3,5,2,1,
250,2,5,2,0,
250,1,5,2,0,
251,3,5,2,1,
251,2,5,2,1,
251,1,5,2,1,
252,3,5,2,1,
252,2,5,2,0,
252,1,5,2,0,
253,3,5,2,1,
253,2,5,2,0,
253,1,5,2,0,
254,3,5,2,0,
254,2,5,2,0,
254,1,5,2,0,
255,3,5,2,1,
255,2,5,2,1,
255,1,5,2,1,
256,3,5,2,1,
256,2,5,2,1,
256,1,5,2,1,
257,3,5,2,1,
257,2,5,2,1,
257,1,5,2,1,
258,3,5,4,0,
258,2,5,4,1,
258,1,5,4,0,
259,3,5,4,1,
259,2,5,4,0,
259,1,5,4,0,
260,3,5,4,0,
260,2,5,4,0,
260,1,5,4,0,
261,3,5,4,0,
261,2,5,4,0,
261,1,5,4,0,
262,3,5,4,0,
262,2,5,4,1,
262,1,5,4,0,
263,3,5,4,0,
263,2,5,4,1,
263,1,5,4,1,
264,3,5,4,1,
264,2,5,4,0,
264,1,5,4,0,
265,3,5,4,0,
265,2,5,4,0,
265,1,5,4,0,
266,3,5,4,0,
266,2,5,4,0,
266,1,5,4,0,
267,3,5,4,1,
267,2,5,4,1,
267,1,5,4,1,
268,3,5,4,0,
268,2,5,4,0,
268,1,5,4,0,
269,3,5,4,0,
269,2,5,4,0,
269,1,5,4,0,
270,3,5,8,0,
270,2,5,8,0,
270,1,5,8,0,
271,3,5,8,0,
271,2,5,8,0,
271,1,5,8,0,
272,3,5,8,0,
272,2,5,8,1,
272,1,5,8,0,
273,3,5,8,0,
273,2,5,8,0,
273,1,5,8,1,
274,3,5,8,0,
274,2,5,8,0,
274,1,5,8,0,
275,3,5,8,0,
275,2,5,8,0,
275,1,5,8,0,
276,3,5,8,0,
276,2,5,8,0,
276,1,5,8,0,
277,3,5,8,0,
277,2,5,8,0,
277,1,5,8,0,
278,3,5,8,1,
278,2,5,8,0,
278,1,5,8,1,
279,3,5,8,0,
279,2,5,8,0,
279,1,5,8,0,
280,3,5,8,0,
280,2,5,8,0,
280,1,5,8,0,
281,3,5,8,0,
281,2,5,8,0,
281,1,5,8,0,
282,3,4,0,0,
282,2,4,0,0,
282,1,4,0,0,
283,3,4,0,1,
283,2,4,0,0,
283,1,4,0,0,
284,3,4,0,1,
284,2,4,0,0,
284,1,4,0,0,
285,3,4,0,0,
285,2,4,0,0,
285,1,4,0,0,
286,3,4,0,1,
286,2,4,0,0,
286,1,4,0,0,
287,3,4,0,0,
287,2,4,0,0,
287,1,4,0,0,
288,3,4,0,0,
288,2,4,0,0,
288,1,4,0,0,
289,3,4,0,1,
289,2,4,0,0,
289,1,4,0,0,
290,3,4,0,0,
290,2,4,0,0,
290,1,4,0,0,
291,3,4,0,0,
291,2,4,0,0,
291,1,4,0,0,
292,3,4,0,1,
292,2,4,0,0,
292,1,4,0,0,
293,3,4,0,1,
293,2,4,0,0,
293,1,4,0,0,
294,3,4,2,0,
294,2,4,2,0,
294,1,4,2,0,
295,3,4,2,0,
295,2,4,2,0,
295,1,4,2,0,
296,3,4,2,0,
296,2,4,2,0,
296,1,4,2,0,
297,3,4,2,0,
297,2,4,2,0,
297,1,4,2,0,
298,3,4,2,0,
298,2,4,2,0,
298,1,4,2,0,
299,3,4,2,0,
299,2,4,2,0,
299,1,4,2,0,
300,3,4,2,0,
300,2,4,2,0,
300,1,4,2,0,
301,3,4,2,1,
301,2,4,2,0,
301,1,4,2,0,
302,3,4,2,0,
302,2,4,2,0,
302,1,4,2,0,
303,3,4,2,0,
303,2,4,2,0,
303,1,4,2,0,
304,3,4,2,0,
304,2,4,2,0,
304,1,4,2,0,
305,3,4,2,0,
305,2,4,2,0,
305,1,4,2,0,
306,3,4,4,0,
306,2,4,4,0,
306,1,4,4,0,
307,3,4,4,0,
307,2,4,4,0,
307,1,4,4,0,
308,3,4,4,0,
308,2,4,4,0,
308,1,4,4,0,
309,3,4,4,0,
309,2,4,4,0,
309,1,4,4,0,
310,3,4,4,0,
310,2,4,4,0,
310,1,4,4,0,
311,3,4,4,0,
311,2,4,4,0,
311,1,4,4,0,
312,3,4,4,0,
312,2,4,4,0,
312,1,4,4,0,
313,3,4,4,0,
313,2,4,4,0,
313,1,4,4,0,
314,3,4,4,0,
314,2,4,4,0,
314,1,4,4,0,
315,3,4,4,0,
315,2,4,4,0,
315,1,4,4,0,
316,3,4,4,0,
316,2,4,4,0,
316,1,4,4,0,
317,3,4,8,0,
317,2,4,8,0,
317,1,4,8,0,
318,3,4,8,0,
318,2,4,8,0,
318,1,4,8,0,
319,3,4,8,0,
319,2,4,8,0,
319,1,4,8,0,
320,3,4,8,0,
320,2,4,8,0,
320,1,4,8,0,
321,3,4,8,0,
321,2,4,8,0,
321,1,4,8,0,
322,3,4,8,0,
322,2,4,8,0,
322,1,4,8,0,
323,3,4,8,0,
323,2,4,8,0,
323,1,4,8,0,
324,3,4,8,0,
324,2,4,8,0,
324,1,4,8,0,
325,3,4,8,0,
325,2,4,8,0,
325,1,4,8,0,
326,3,4,8,0,
326,2,4,8,0,
326,1,4,8,0,
327,3,4,8,0,
327,2,4,8,0,
327,1,4,8,0,
328,3,4,8,0,
328,2,4,8,0,
328,1,4,8,0),.Dim=c(960,5))
)